0.0147		00000001
-0.0288		11111101
0		00000000
0.0864		00001011
0		00000000
-0.0105		11111111
0		00000000
0.0339		00000100
0.0169		00000010
-0.0473		11111010
0.0248		00000011
-0.1689		11101011
-0.1042		11110011
0.0232		00000010
0.0739		00001001
0.0235		00000011
-0.0516		11111010
-0.0741		11110111
0.0607		00000111
0.0817		00001010
0.0825		00001010
0		00000000
0.0950		00001100
-0.1653		11101011
-0.1051		11110011
0.0422		00000101
0.0398		00000101
-0.0273		11111101
-0.1073		11110011
0.0261		00000011
0.0096		00000001
-0.0694		11111000
0.0742		00001001
-0.0348		11111100
-0.1223		11110001
-0.0163		11111110
0.1233		00001111
-0.0813		11110110
0.1206		00001111
-0.0630		11111000
0.0799		00001010
-0.0285		11111101
-0.0437		11111011
-0.0199		11111110
-0.0100		11111111
0.0182		00000010
-0.0125		11111111
0		00000000
-0.1002		11110100
0.1069		00001101
0.0767		00001001
0.1488		00010011
0		00000000
0		00000000
-0.0179		11111110
0.0420		00000101
0.0192		00000010
0.1110		00001110
-0.0277		11111101
0.0408		00000101
-0.0724		11110111
0.1253		00010000
0.0593		00000111
-0.1179		11110001
0.0952		00001100
0.0522		00000110
0		00000000
0.0800		00001010
-0.0888		11110101
-0.0977		11110100
0.1133		00001110
-0.0420		11111011
0.0334		00000100
0.1340		00010001
-0.0619		11111001
-0.1441		11101110
-0.0232		11111110
-0.1054		11110011
0.0303		00000011
-0.1645		11101011
0		00000000
0		00000000
0.0754		00001001
0		00000000
-0.0097		11111111
-0.0959		11110100
0		00000000
-0.0875		11110101
0.0080		00000001
0		00000000
-0.0165		11111110
0.0324		00000100
-0.0751		11110111
0.1033		00001101
-0.0179		11111110
-0.1439		11101110
0.1392		00010001
0.0717		00001001
-0.1434		11101110
0.0260		00000011
0.1803		00010111
0.0768		00001001
-0.0501		11111010
-0.0263		11111101
0.1299		00010000
0		00000000
-0.0792		11110110
-0.0380		11111100
0.0322		00000100
0.0627		00001000
0		00000000
0.0164		00000010
-0.0276		11111101
-0.1247		11110001
0.0579		00000111
-0.0587		11111001
-0.0816		11110110
0.0785		00001010
0.0436		00000101
0.0616		00000111
0.1236		00001111
0.0359		00000100
-0.0505		11111010
0.1136		00001110
-0.0629		11111000
0.0627		00001000
0.0431		00000101
-0.0479		11111010
-0.0696		11111000
-0.1436		11101110
0.0315		00000100
0		00000000
0.0173		00000010
0.1783		00010110
0.0396		00000101
-0.0754		11110111
0.0370		00000100
-0.1289		11110000
-0.0168		11111110
0.0161		00000010
0.0550		00000111
-0.0279		11111101
0.0363		00000100
0.1423		00010010
0.0290		00000011
0.1038		00001101
0.0331		00000100
-0.0226		11111110
-0.0522		11111010
0.0803		00001010
0.0559		00000111
-0.0933		11110101
0		00000000
-0.1323		11110000
0.0601		00000111
0.0119		00000001
-0.0492		11111010
0.0319		00000100
-0.1081		11110011
-0.0514		11111010
0.0383		00000100
0.0273		00000011
-0.0513		11111010
-0.0178		11111110
0.0779		00001001
-0.0103		11111111
0.0691		00001000
-0.0598		11111001
0.0086		00000001
0.1182		00001111
0		00000000
0		00000000
-0.0420		11111011
0.0118		00000001
-0.0388		11111100
0.0306		00000011
0.1738		00010110
0.0646		00001000
-0.1387		11101111
0.0414		00000101
0.0154		00000001
-0.1105		11110010
0		00000000
0.0243		00000011
0.0542		00000110
0.0359		00000100
-0.1288		11110000
0.0769		00001001
-0.0166		11111110
-0.0793		11110110
0.0779		00001001
0.0353		00000100
-0.0507		11111010
0.1174		00001111
-0.0773		11110111
0.0864		00001011
0.0321		00000100
0.1177		00001111
0.0237		00000011
0.0262		00000011
0.0758		00001001
-0.0225		11111110
0.0422		00000101
0		00000000
-0.1022		11110011
-0.0417		11111011
-0.0464		11111011
-0.0238		11111101
0.0303		00000011
0.1016		00001101
-0.0222		11111110
0.1048		00001101
0.0735		00001001
-0.0763		11110111
0.0508		00000110
-0.0283		11111101
0.1216		00001111
-0.0779		11110111
0.1736		00010110
0.0794		00001010
-0.0219		11111110
0.0414		00000101
-0.0505		11111010
-0.0092		11111111
0.0576		00000111
0		00000000
-0.1533		11101101
-0.0161		11111110
-0.0402		11111011
-0.0538		11111010
0.0856		00001010
-0.0882		11110101
0.0239		00000011
-0.0574		11111001
0.0246		00000011
-0.0879		11110101
0.0556		00000111
-0.1014		11110100
0.0690		00001000
0.0356		00000100
0.0244		00000011
-0.1004		11110100
-0.0344		11111100
-0.0601		11111001
-0.1024		11110011
-0.0601		11111001
-0.0944		11110100
-0.0410		11111011
-0.0168		11111110
0.0192		00000010
0.0466		00000101
0.0330		00000100
0.0597		00000111
0.0758		00001001
0.1192		00001111
0		00000000
