0
1
5
14
30
55
91
140
204
285
385
506
650
819
1015
1240
1496
1785
2109
2470
2870
3311
3795
4324
4900
5525
6201
6930
7714
8555
9455
10416
10415
10411
10402
10386
10361
10325
10276
10212
10131
10031
9910
9766
9597
9401
9176
8920
8631
8307
7946
7546
7105
6621
6092
5516
4891
4215
3486
2702
1861
961
0
-1024
-1020
-1011
-995
-970
-934
-885
-821
-740
-640
-519
-375
-206
-10
215
471
760
1084
1445
1845
2286
2770
3299
3875
4500
5176
5905
6689
7530
8430
9391
10415
11504
11495
11479
11454
11418
11369
11305
11224
11124
11003
10859
10690
10494
10269
10013
9724
9400
9039
8639
8198
7714
7185
6609
5984
5308
4579
3795
2954
2054
1093
69
-1020
-2176
-2160
-2135
-2099
-2050
-1986
-1905
-1805
-1684
-1540
-1371
-1175
-950
-694
-405
-81
280
680
1121
1605
2134
2710
3335
4011
4740
5524
6365
7265
8226
9250
10339
11495
12720
12695
12659
12610
12546
12465
12365
12244
12100
11931
11735
11510
11254
10965
10641
10280
9880
9439
8955
8426
7850
7225
6549
5820
5036
4195
3295
2334
1310
221
-935
-2160
-3456
-3420
-3371
-3307
-3226
-3126
-3005
-2861
-2692
-2496
-2271
-2015
-1726
-1402
-1041
-641
-200
284
813
1389
2014
2690
3419
4203
5044
5944
6905
7929
9018
10174
11399
12695
14064
14015
13951
13870
13770
13649
13505
13336
13140
12915
12659
12370
12046
11685
11285
10844
10360
9831
9255
8630
7954
7225
6441
5600
4700
3739
2715
1626
470
-755
-2051
-3420
-4864
-4800
-4719
-4619
-4498
-4354
-4185
-3989
-3764
-3508
-3219
-2895
-2534
-2134
-1693
-1209
-680
-104
521
1197
1926
2710
3551
4451
5412
6436
7525
8681
9906
11202
12571
14015
15536
15455
15355
15234
15090
14921
14725
14500
14244
13955
13631
13270
12870
12429
11945
11416
10840
10215
9539
8810
8026
7185
6285
5324
4300
3211
2055
830
-466
-1835
-3279
-4800
-6400
-6300
-6179
-6035
-5866
-5670
-5445
-5189
-4900
-4576
-4215
-3815
-3374
-2890
-2361
-1785
-1160
-484
245
1029
1870
2770
3731
4755
5844
7000
8225
9521
10890
12334
13855
15455
17136
17015
16871
16702
16506
16281
16025
15736
15412
15051
14651
14210
13726
13197
12621
11996
11320
10591
9807
8966
8066
7105
6081
4992
3836
2611
1315
-54
-1498
-3019
-4619
-6300
-8064
-7920
-7751
-7555
-7330
-7074
-6785
-6461
-6100
-5700
-5259
-4775
-4246
-3670
-3045
-2369
-1640
-856
-15
885
1846
2870
3959
5115
6340
7636
9005
10449
11970
13570
15251
17015
18864
18695
18499
18274
18018
17729
17405
17044
16644
16203
15719
15190
14614
13989
13313
12584
11800
10959
10059
9098
8074
6985
5829
4604
3308
1939
495
-1026
-2626
-4307
-6071
-7920
-9856
-9660
-9435
-9179
-8890
-8566
-8205
-7805
-7364
-6880
-6351
-5775
-5150
-4474
-3745
-2961
-2120
-1220
-259
765
1854
3010
4235
5531
6900
8344
9865
11465
13146
14910
16759
18695
20720
20495
20239
19950
19626
19265
18865
18424
17940
17411
16835
16210
15534
14805
14021
13180
12280
11319
10295
9206
8050
6825
5529
4160
2716
1195
-405
-2086
-3850
-5699
-7635
-9660
-11776
-11520
-11231
-10907
-10546
-10146
-9705
-9221
-8692
-8116
-7491
-6815
-6086
-5302
-4461
-3561
-2600
-1576
-487
669
1894
3190
4559
6003
7524
9124
10805
12569
14418
16354
18379
20495
22704
22415
22091
21730
21330
20889
20405
19876
19300
18675
17999
17270
16486
15645
14745
13784
12760
11671
10515
9290
7994
6625
5181
3660
2060
379
-1385
-3234
-5170
-7195
-9311
-11520
-13824
-13500
-13139
-12739
-12298
-11814
-11285
-10709
-10084
-9408
-8679
-7895
-7054
-6154
-5193
-4169
-3080
-1924
-699
597
1966
3410
4931
6531
8212
9976
11825
13761
15786
17902
20111
22415
24816
24455
24055
23614
23130
22601
22025
21400
20724
19995
19211
18370
17470
16509
15485
14396
13240
12015
10719
9350
7906
6385
4785
3104
1340
-509
-2445
-4470
-6586
-8795
-11099
-13500
-16000
-15600
-15159
-14675
-14146
-13570
-12945
-12269
-11540
-10756
-9915
-9015
-8054
-7030
-5941
-4785
-3560
-2264
-895
549
2070
3670
5351
7115
8964
10900
12925
15041
17250
19554
21955
24455
27056
26615
26131
25602
25026
24401
23725
22996
22212
21371
20471
19510
18486
17397
16241
15016
13720
12351
10907
9386
7786
6105
4341
2492
556
-1469
-3585
-5794
-8098
-10499
-12999
-15600
-18304
-17820
-17291
-16715
-16090
-15414
-14685
-13901
-13060
-12160
-11199
-10175
-9086
-7930
-6705
-5409
-4040
-2596
-1075
525
2206
3970
5819
7755
9780
11896
14105
16409
18810
21310
23911
26615
29424
28895
28319
27694
27018
26289
25505
24664
23764
22803
21779
20690
19534
18309
17013
15644
14200
12679
11079
9398
7634
5785
3849
1824
-292
-2501
-4805
-7206
-9706
-12307
-15011
-17820
-20736
-20160
-19535
-18859
-18130
-17346
-16505
-15605
-14644
-13620
-12531
-11375
-10150
-8854
-7485
-6041
-4520
-2920
-1239
525
2374
4310
6335
8451
10660
12964
15365
17865
20466
23170
25979
28895
31920
31295
30619
29890
29106
28265
27365
26404
25380
24291
23135
21910
20614
19245
17801
16280
14680
12999
11235
9386
7450
5425
3309
1100
-1204
-3605
-6105
-8706
-11410
-14219
-17135
-20160
-23296
-22620
-21891
-21107
-20266
-19366
-18405
-17381
-16292
-15136
-13911
-12615
-11246
-9802
-8281
-6681
-5000
-3236
-1387
549
2574
4690
6899
9203
11604
14104
16705
19409
22218
25134
28159
31295
34544
33815
33031
32190
31290
30329
29305
28216
27060
25835
24539
23170
21726
20205
18605
16924
15160
13311
11375
9350
7234
5025
2721
320
-2180
-4781
-7485
-10294
-13210
-16235
-19371
-22620
-25984
-25200
-24359
-23459
-22498
-21474
-20385
-19229
-18004
-16708
-15339
-13895
-12374
-10774
-9093
-7329
-5480
-3544
-1519
597
2806
5110
7511
10011
12612
15316
18125
21041
24066
27202
30451
33815
37296
36455
35555
34594
33570
32481
31325
30100
28804
27435
25991
24470
22870
21189
19425
17576
15640
13615
11499
9290
6986
4585
2085
-516
-3220
-6029
-8945
-11970
-15106
-18355
-21719
-25200
-28800
-27900
-26939
-25915
-24826
-23670
-22445
-21149
-19780
-18336
-16815
-15215
-13534
-11770
-9921
-7985
-5960
-3844
-1635
669
3070
5570
8171
10875
13684
16600
19625
22761
26010
29374
32855
36455
40176
39215
38191
37102
35946
34721
33425
32056
30612
29091
27491
25810
24046
22197
20261
18236
16120
13911
11607
9206
6706
4105
1401
-1408
-4324
-7349
-10485
-13734
-17098
-20579
-24179
-27900
-31744
-30720
-29631
-28475
-27250
-25954
-24585
-23141
-21620
-20020
-18339
-16575
-14726
-12790
-10765
-8649
-6440
-4136
-1735
765
3366
6070
8879
11795
14820
17956
21205
24569
28050
31650
35371
39215
43184
